2.237232e-01 3.035651e+01 3.145685e+01 3.764930e+01 9
3.910868e-01 8.665035e+00 9.397071e+00 9.305523e+00 31
6.391640e-01 3.332134e+00 4.236958e+00 2.937752e+00 130
1.015494e+00 1.326503e+00 1.306548e+00 3.848609e-01 512
1.654523e+00 4.253470e-01 4.943387e-01 1.575677e-01 2333
2.693069e+00 1.432315e-01 1.721018e-01 4.399744e-02 9895
4.382822e+00 4.701690e-02 6.070822e-02 1.801314e-02 42859
7.123308e+00 1.492552e-02 2.138620e-02 8.482797e-03 183191
1.157102e+01 4.015178e-03 6.221783e-03 3.244356e-03 785372
1.879699e+01 8.172797e-04 1.410899e-03 1.081245e-03 3367057
