2.237232e-01 2.237108e+03 -2.210800e+03 3.980583e+03 9
3.910868e-01 1.340015e+02 -8.996493e+01 -1.342162e+02 31
6.391640e-01 4.302831e+01 -1.575218e+01 1.530659e+00 130
1.015494e+00 1.228955e+01 -2.816130e-01 -3.436224e+00 512
1.654523e+00 3.272607e+00 6.615288e-01 -1.822062e-01 2333
2.693069e+00 9.608870e-01 3.639137e-01 -3.722601e-02 9895
4.382822e+00 3.087757e-01 1.888565e-01 3.398000e-02 42859
7.123308e+00 9.550718e-02 7.577035e-02 1.876240e-02 183191
1.157102e+01 2.646492e-02 2.295092e-02 7.905225e-03 785372
1.879699e+01 6.134694e-03 5.014184e-03 5.160847e-03 3367057
