2.237232e-01 1.392385e+02 -6.294017e+01 1.269860e+02 9
3.910868e-01 4.106064e+01 -1.151272e+01 -2.861552e+01 31
6.391640e-01 8.185753e+00 -1.240920e+00 9.053112e-01 130
1.015494e+00 3.244659e+00 4.877420e-01 -7.273672e-01 512
1.654523e+00 1.180865e+00 4.727406e-01 1.656817e-01 2333
2.693069e+00 3.794945e-01 2.104964e-01 3.072614e-02 9895
4.382822e+00 1.255336e-01 9.270875e-02 2.010439e-02 42859
7.123308e+00 3.971759e-02 3.560615e-02 9.419411e-03 183191
1.157102e+01 1.093128e-02 1.059820e-02 3.748242e-03 785372
1.879699e+01 2.394360e-03 2.309894e-03 1.953567e-03 3367057
