2.237232e-01 3.231282e+01 3.358148e+01 4.013878e+01 9
3.910868e-01 9.220502e+00 1.029187e+01 1.049322e+01 31
6.391640e-01 3.543376e+00 4.451330e+00 2.943893e+00 130
1.015494e+00 1.418216e+00 1.384410e+00 3.729084e-01 512
1.654523e+00 4.571847e-01 5.407189e-01 1.696142e-01 2333
2.693069e+00 1.567320e-01 1.887612e-01 4.966235e-02 9895
4.382822e+00 5.229672e-02 6.723512e-02 1.946308e-02 42859
7.123308e+00 1.678940e-02 2.380915e-02 9.219455e-03 183191
1.157102e+01 4.538643e-03 6.950111e-03 3.551334e-03 785372
1.879699e+01 9.155656e-04 1.533668e-03 1.140989e-03 3367057
