2.237232e-01 3.316742e+01 3.474988e+01 4.140332e+01 9
3.910868e-01 9.501587e+00 1.095002e+01 1.133012e+01 31
6.391640e-01 3.633604e+00 4.558109e+00 2.932593e+00 130
1.015494e+00 1.466481e+00 1.434501e+00 3.568916e-01 512
1.654523e+00 4.749670e-01 5.583323e-01 1.628441e-01 2333
2.693069e+00 1.652823e-01 1.964913e-01 5.108959e-02 9895
4.382822e+00 5.609447e-02 7.113920e-02 2.001002e-02 42859
7.123308e+00 1.804634e-02 2.527295e-02 9.524059e-03 183191
1.157102e+01 4.894384e-03 7.393801e-03 3.687542e-03 785372
1.879699e+01 9.825236e-04 1.603838e-03 1.171846e-03 3367057
