2.237232e-01 3.004844e+01 3.109135e+01 3.730539e+01 9
3.910868e-01 8.582827e+00 9.300387e+00 9.221707e+00 31
6.391640e-01 3.302266e+00 4.198058e+00 2.927380e+00 130
1.015494e+00 1.312357e+00 1.290841e+00 3.841309e-01 512
1.654523e+00 4.208208e-01 4.887018e-01 1.553953e-01 2333
2.693069e+00 1.415413e-01 1.701434e-01 4.353085e-02 9895
4.382822e+00 4.638551e-02 5.997440e-02 1.783959e-02 42859
7.123308e+00 1.470323e-02 2.108599e-02 8.382251e-03 183191
1.157102e+01 3.952682e-03 6.131335e-03 3.202046e-03 785372
1.879699e+01 8.050309e-04 1.394448e-03 1.072327e-03 3367057
