2.237232e-01 8.379906e+01 -4.346433e+01 6.356349e+01 9
3.910868e-01 3.267794e+01 -1.022365e+01 -2.265776e+01 31
6.391640e-01 6.780568e+00 2.041482e-01 1.525596e+00 130
1.015494e+00 2.913215e+00 3.642235e-01 -4.099238e-01 512
1.654523e+00 1.070641e+00 5.016175e-01 1.412151e-01 2333
2.693069e+00 3.510908e-01 2.117077e-01 3.447044e-02 9895
4.382822e+00 1.178122e-01 9.230227e-02 2.057892e-02 42859
7.123308e+00 3.722136e-02 3.454341e-02 9.379611e-03 183191
1.157102e+01 1.022080e-02 1.021175e-02 3.619160e-03 785372
1.879699e+01 2.214260e-03 2.194066e-03 1.795228e-03 3367057
