2.237232e-01 1.479702e+01 2.197152e+01 1.648957e+01 9
3.910868e-01 7.667153e+00 9.904333e+00 1.139057e+01 31
6.391640e-01 3.451982e+00 2.625377e+00 2.238144e-01 130
1.015494e+00 1.687158e+00 1.325251e+00 -2.968982e-01 512
1.654523e+00 6.653614e-01 5.529120e-01 1.261531e-01 2333
2.693069e+00 2.480392e-01 2.215499e-01 4.625376e-02 9895
4.382822e+00 8.532482e-02 8.366526e-02 1.989695e-02 42859
7.123308e+00 2.756791e-02 3.153358e-02 9.888633e-03 183191
1.157102e+01 7.555337e-03 9.191635e-03 3.616864e-03 785372
1.879699e+01 1.547976e-03 1.893573e-03 1.332375e-03 3367057
