2.237232e-01 1.266137e+01 1.454360e+01 1.079569e+01 9
3.910868e-01 8.679147e+00 7.843650e+00 8.581596e+00 31
6.391640e-01 3.793012e+00 2.277547e+00 5.224353e-02 130
1.015494e+00 1.765359e+00 1.288832e+00 -3.142900e-01 512
1.654523e+00 7.123266e-01 5.218794e-01 1.074483e-01 2333
2.693069e+00 2.605807e-01 2.205658e-01 4.191692e-02 9895
4.382822e+00 8.971818e-02 8.318763e-02 1.888231e-02 42859
7.123308e+00 2.884855e-02 3.177169e-02 9.429031e-03 183191
1.157102e+01 7.913340e-03 9.308569e-03 3.507954e-03 785372
1.879699e+01 1.630918e-03 1.913310e-03 1.360278e-03 3367057
