2.237232e-01 1.544696e+03 -1.247766e+03 2.699998e+03 9
3.910868e-01 9.687215e+01 -3.055194e+01 -1.000124e+02 31
6.391640e-01 3.357582e+01 -7.064573e+00 2.479110e+00 130
1.015494e+00 9.085775e+00 2.076083e-01 -2.820739e+00 512
1.654523e+00 2.600357e+00 7.490512e-01 -7.000815e-02 2333
2.693069e+00 7.715032e-01 3.397435e-01 3.059997e-02 9895
4.382822e+00 2.479153e-01 1.612994e-01 3.535430e-02 42859
7.123308e+00 7.701914e-02 6.289434e-02 1.758364e-02 183191
1.157102e+01 2.137252e-02 1.879181e-02 7.033845e-03 785372
1.879699e+01 4.937085e-03 4.178257e-03 4.225784e-03 3367057
