2.237232e-01 3.299149e+01 3.417480e+01 4.101758e+01 9
3.910868e-01 9.426940e+00 1.068922e+01 1.099181e+01 31
6.391640e-01 3.609613e+00 4.525931e+00 2.920322e+00 130
1.015494e+00 1.451710e+00 1.413930e+00 3.785770e-01 512
1.654523e+00 4.685226e-01 5.509045e-01 1.653591e-01 2333
2.693069e+00 1.619656e-01 1.937070e-01 4.982254e-02 9895
4.382822e+00 5.456189e-02 6.952283e-02 1.977370e-02 42859
7.123308e+00 1.754103e-02 2.465622e-02 9.408817e-03 183191
1.157102e+01 4.753455e-03 7.222465e-03 3.650010e-03 785372
1.879699e+01 9.561871e-04 1.577676e-03 1.161176e-03 3367057
