2.237232e-01 3.185456e+01 -1.646320e+01 1.637214e+01 9
3.910868e-01 2.017103e+01 -3.118891e+00 -9.153227e+00 31
6.391640e-01 5.391486e+00 1.653207e+00 8.220485e-01 130
1.015494e+00 2.263416e+00 6.727345e-01 -7.031659e-02 512
1.654523e+00 9.047513e-01 4.780617e-01 1.232276e-01 2333
2.693069e+00 3.091420e-01 2.100679e-01 3.704212e-02 9895
4.382822e+00 1.050544e-01 8.880078e-02 1.872573e-02 42859
7.123308e+00 3.339721e-02 3.276494e-02 9.075147e-03 183191
1.157102e+01 9.167370e-03 9.713437e-03 3.539696e-03 785372
1.879699e+01 1.951826e-03 2.048788e-03 1.584362e-03 3367057
