2.237232e-01 1.634621e+01 2.491471e+01 2.003623e+01 9
3.910868e-01 7.503753e+00 1.093322e+01 1.299650e+01 31
6.391640e-01 3.403575e+00 2.929720e+00 3.549688e-01 130
1.015494e+00 1.632319e+00 1.329564e+00 -3.387461e-01 512
1.654523e+00 6.481601e-01 5.622570e-01 1.256951e-01 2333
2.693069e+00 2.403452e-01 2.188474e-01 4.681550e-02 9895
4.382822e+00 8.294710e-02 8.284321e-02 2.013335e-02 42859
7.123308e+00 2.679384e-02 3.119232e-02 9.951213e-03 183191
1.157102e+01 7.356457e-03 9.112974e-03 3.614357e-03 785372
1.879699e+01 1.502414e-03 1.882260e-03 1.314420e-03 3367057
