2.237232e-01 7.279962e+03 -4.587276e+01 9.421768e+03 9
3.910868e-01 5.883247e+02 -6.918741e+02 1.524222e+03 31
6.391640e-01 1.654420e+02 -1.051945e+02 -2.574150e+01 130
1.015494e+00 3.561906e+01 -1.157996e+01 -3.008898e+00 512
1.654523e+00 9.682331e+00 7.024013e-01 -3.010993e-01 2333
2.693069e+00 2.777924e+00 9.193702e-01 -1.882442e-01 9895
4.382822e+00 8.368023e-01 4.151217e-01 -1.045792e-02 42859
7.123308e+00 2.572996e-01 1.862874e-01 3.155661e-02 183191
1.157102e+01 7.123313e-02 5.810467e-02 1.920509e-02 785372
1.879699e+01 1.697216e-02 1.272097e-02 1.400057e-02 3367057
