2.237232e-01 6.555817e+01 -3.626806e+01 4.615998e+01 9
3.910868e-01 2.910827e+01 -7.963069e+00 -2.020583e+01 31
6.391640e-01 6.348961e+00 9.342209e-01 1.443347e+00 130
1.015494e+00 2.758961e+00 4.115273e-01 -2.661336e-01 512
1.654523e+00 1.022060e+00 5.071339e-01 1.296389e-01 2333
2.693069e+00 3.391527e-01 2.128581e-01 3.543317e-02 9895
4.382822e+00 1.140827e-01 9.184100e-02 2.027681e-02 42859
7.123308e+00 3.603459e-02 3.398704e-02 9.312161e-03 183191
1.157102e+01 9.901646e-03 1.006525e-02 3.608440e-03 785372
1.879699e+01 2.134364e-03 2.151950e-03 1.737183e-03 3367057
