2.237232e-01 3.012137e+01 3.575167e+01 3.887968e+01 9
3.910868e-01 8.997268e+00 1.315899e+01 1.506289e+01 31
6.391640e-01 3.572346e+00 4.302440e+00 1.938897e+00 130
1.015494e+00 1.512519e+00 1.451642e+00 -1.762333e-02 512
1.654523e+00 5.314771e-01 5.800961e-01 9.642141e-02 2333
2.693069e+00 1.960404e-01 2.124702e-01 5.017854e-02 9895
4.382822e+00 6.958729e-02 8.035999e-02 2.124408e-02 42859
7.123308e+00 2.239986e-02 2.897824e-02 9.868992e-03 183191
1.157102e+01 6.146014e-03 8.498007e-03 3.770531e-03 785372
1.879699e+01 1.232440e-03 1.783932e-03 1.242087e-03 3367057
