2.237232e-01 2.112824e+01 -5.902247e+00 8.586917e+00 9
3.910868e-01 1.610857e+01 -3.804381e-02 -2.994747e+00 31
6.391640e-01 4.852576e+00 1.970114e+00 3.863510e-01 130
1.015494e+00 2.030824e+00 8.705707e-01 -1.036739e-01 512
1.654523e+00 8.557362e-01 4.823306e-01 1.182361e-01 2333
2.693069e+00 2.953344e-01 2.130780e-01 3.916884e-02 9895
4.382822e+00 1.003309e-01 8.585943e-02 1.794518e-02 42859
7.123308e+00 3.202654e-02 3.223956e-02 9.021244e-03 183191
1.157102e+01 8.803348e-03 9.568093e-03 3.477344e-03 785372
1.879699e+01 1.860673e-03 2.000381e-03 1.512526e-03 3367057
