2.237232e-01 1.314177e+01 6.060035e+00 7.180581e+00 9
3.910868e-01 1.082866e+01 5.365343e+00 5.073016e+00 31
6.391640e-01 4.257396e+00 1.912972e+00 9.652298e-02 130
1.015494e+00 1.822994e+00 1.164983e+00 -2.270641e-01 512
1.654523e+00 7.664779e-01 4.932804e-01 1.019330e-01 2333
2.693069e+00 2.747003e-01 2.162867e-01 3.627460e-02 9895
4.382822e+00 9.372891e-02 8.336370e-02 1.823678e-02 42859
7.123308e+00 3.006977e-02 3.181637e-02 9.352990e-03 183191
1.157102e+01 8.266482e-03 9.387163e-03 3.477377e-03 785372
1.879699e+01 1.722991e-03 1.941750e-03 1.412414e-03 3367057
