2.237232e-01 2.527185e+01 3.271972e+01 3.293896e+01 9
3.910868e-01 8.128594e+00 1.319713e+01 1.525728e+01 31
6.391640e-01 3.423841e+00 3.849718e+00 1.194584e+00 130
1.015494e+00 1.502067e+00 1.370558e+00 -2.367713e-01 512
1.654523e+00 5.690788e-01 5.775702e-01 7.662250e-02 2333
2.693069e+00 2.088517e-01 2.097774e-01 4.813628e-02 9895
4.382822e+00 7.428051e-02 8.107989e-02 2.059701e-02 42859
7.123308e+00 2.396585e-02 2.985895e-02 9.719819e-03 183191
1.157102e+01 6.577645e-03 8.733951e-03 3.728788e-03 785372
1.879699e+01 1.327319e-03 1.825857e-03 1.263605e-03 3367057
