2.237232e-01 2.908448e+01 3.526286e+01 3.761867e+01 9
3.910868e-01 8.795626e+00 1.334579e+01 1.525895e+01 31
6.391640e-01 3.526808e+00 4.231232e+00 1.735509e+00 130
1.015494e+00 1.511186e+00 1.440621e+00 -8.730530e-02 512
1.654523e+00 5.414588e-01 5.765085e-01 8.408024e-02 2333
2.693069e+00 2.001238e-01 2.108079e-01 4.898267e-02 9895
4.382822e+00 7.123546e-02 8.083343e-02 2.107515e-02 42859
7.123308e+00 2.292397e-02 2.922264e-02 9.791895e-03 183191
1.157102e+01 6.295098e-03 8.582451e-03 3.751194e-03 785372
1.879699e+01 1.264039e-03 1.797534e-03 1.247054e-03 3367057
