2.237232e-01 3.333149e+01 3.560857e+01 4.196211e+01 9
3.910868e-01 9.669800e+00 1.211770e+01 1.293329e+01 31
6.391640e-01 3.705552e+00 4.600594e+00 2.697121e+00 130
1.015494e+00 1.519642e+00 1.492698e+00 2.754745e-01 512
1.654523e+00 5.010969e-01 5.761804e-01 1.451433e-01 2333
2.693069e+00 1.798637e-01 2.074058e-01 5.322208e-02 9895
4.382822e+00 6.243364e-02 7.659170e-02 2.112856e-02 42859
7.123308e+00 2.012593e-02 2.751895e-02 1.013031e-02 183191
1.157102e+01 5.485320e-03 8.039152e-03 3.827395e-03 785372
1.879699e+01 1.097536e-03 1.708278e-03 1.218163e-03 3367057
