2.237232e-01 2.368734e+01 3.150775e+01 3.088208e+01 9
3.910868e-01 7.901767e+00 1.296712e+01 1.516676e+01 31
6.391640e-01 3.418833e+00 3.739320e+00 9.567688e-01 130
1.015494e+00 1.515941e+00 1.387373e+00 -2.880054e-01 512
1.654523e+00 5.832304e-01 5.827507e-01 8.145612e-02 2333
2.693069e+00 2.146205e-01 2.118680e-01 4.821466e-02 9895
4.382822e+00 7.606155e-02 8.212152e-02 2.125582e-02 42859
7.123308e+00 2.457523e-02 3.032081e-02 9.865982e-03 183191
1.157102e+01 6.741484e-03 8.848203e-03 3.734706e-03 785372
1.879699e+01 1.362263e-03 1.841936e-03 1.273354e-03 3367057
