2.237232e-01 3.367446e+01 3.630307e+01 4.266934e+01 9
3.910868e-01 9.735564e+00 1.181915e+01 1.280940e+01 31
6.391640e-01 3.710158e+00 4.628597e+00 2.812189e+00 130
1.015494e+00 1.510747e+00 1.473706e+00 3.014999e-01 512
1.654523e+00 4.972345e-01 5.784068e-01 1.555093e-01 2333
2.693069e+00 1.771140e-01 2.064334e-01 5.419469e-02 9895
4.382822e+00 6.093990e-02 7.523391e-02 2.063558e-02 42859
7.123308e+00 1.962301e-02 2.702727e-02 1.004486e-02 183191
1.157102e+01 5.343735e-03 7.898323e-03 3.814118e-03 785372
1.879699e+01 1.069421e-03 1.684896e-03 1.208160e-03 3367057
