2.237232e-01 3.963574e+01 -2.059300e+01 2.219224e+01 9
3.910868e-01 2.263210e+01 -4.684278e+00 -1.238345e+01 31
6.391640e-01 5.678791e+00 1.546611e+00 9.916367e-01 130
1.015494e+00 2.432910e+00 5.244371e-01 -1.509466e-01 512
1.654523e+00 9.374065e-01 4.762760e-01 1.260107e-01 2333
2.693069e+00 3.179708e-01 2.116033e-01 3.916466e-02 9895
4.382822e+00 1.076843e-01 8.956314e-02 1.940401e-02 42859
7.123308e+00 3.419543e-02 3.304577e-02 8.959962e-03 183191
1.157102e+01 9.388080e-03 9.809768e-03 3.555427e-03 785372
1.879699e+01 2.005970e-03 2.079853e-03 1.629323e-03 3367057
