2.237232e-01 1.766517e+01 2.660106e+01 2.186395e+01 9
3.910868e-01 7.458661e+00 1.105345e+01 1.274630e+01 31
6.391640e-01 3.404293e+00 3.072762e+00 4.727530e-01 130
1.015494e+00 1.605298e+00 1.319241e+00 -3.425678e-01 512
1.654523e+00 6.390266e-01 5.638630e-01 1.149019e-01 2333
2.693069e+00 2.364918e-01 2.179905e-01 4.498063e-02 9895
4.382822e+00 8.191605e-02 8.271355e-02 2.055827e-02 42859
7.123308e+00 2.649432e-02 3.111746e-02 9.929964e-03 183191
1.157102e+01 7.265130e-03 9.068562e-03 3.616696e-03 785372
1.879699e+01 1.480839e-03 1.875037e-03 1.305499e-03 3367057
