2.237232e-01 1.893087e+01 -3.351223e+00 6.281520e+00 9
3.910868e-01 1.490630e+01 1.358179e+00 -1.423356e+00 31
6.391640e-01 4.754238e+00 1.938966e+00 3.486400e-01 130
1.015494e+00 1.979183e+00 1.005549e+00 -1.311614e-01 512
1.654523e+00 8.349759e-01 4.778516e-01 1.195434e-01 2333
2.693069e+00 2.905583e-01 2.149751e-01 3.894694e-02 9895
4.382822e+00 9.875928e-02 8.482363e-02 1.719280e-02 42859
7.123308e+00 3.157869e-02 3.215799e-02 9.134286e-03 183191
1.157102e+01 8.678230e-03 9.509327e-03 3.467175e-03 785372
1.879699e+01 1.826191e-03 1.983069e-03 1.486928e-03 3367057
