2.237232e-01 1.866638e+02 -7.275760e+01 1.835698e+02 9
3.910868e-01 4.581881e+01 -8.012569e+00 -2.925151e+01 31
6.391640e-01 9.127519e+00 -1.362202e+00 2.206348e-01 130
1.015494e+00 3.465871e+00 5.325169e-01 -8.869077e-01 512
1.654523e+00 1.225833e+00 4.821463e-01 1.494691e-01 2333
2.693069e+00 4.015530e-01 2.111350e-01 3.026889e-02 9895
4.382822e+00 1.314636e-01 9.423307e-02 2.078123e-02 42859
7.123308e+00 4.136635e-02 3.634540e-02 9.345451e-03 183191
1.157102e+01 1.141542e-02 1.087700e-02 3.833629e-03 785372
1.879699e+01 2.514440e-03 2.381637e-03 2.053549e-03 3367057
