2.237232e-01 1.580944e+01 2.831740e-01 6.346704e+00 9
3.910868e-01 1.316098e+01 2.583262e+00 1.345443e+00 31
6.391640e-01 4.551004e+00 1.948222e+00 2.032275e-01 130
1.015494e+00 1.912734e+00 1.079707e+00 -1.803907e-01 512
1.654523e+00 8.101696e-01 4.825221e-01 1.085406e-01 2333
2.693069e+00 2.851913e-01 2.167901e-01 3.733416e-02 9895
4.382822e+00 9.708758e-02 8.442659e-02 1.736767e-02 42859
7.123308e+00 3.105516e-02 3.210198e-02 9.235174e-03 183191
1.157102e+01 8.528926e-03 9.461753e-03 3.475150e-03 785372
1.879699e+01 1.788333e-03 1.967674e-03 1.457988e-03 3367057
