2.237232e-01 4.806464e+03 -2.248600e+03 7.383783e+03 9
3.910868e-01 2.818611e+02 -4.291086e+02 5.140965e+02 31
6.391640e-01 1.100340e+02 -5.444231e+01 -2.500669e+01 130
1.015494e+00 1.971419e+01 3.294536e+00 -4.935246e+00 512
1.654523e+00 6.620694e+00 1.362379e+00 -2.301150e-01 2333
2.693069e+00 1.811331e+00 6.085114e-01 -3.763241e-02 9895
4.382822e+00 5.588913e-01 3.006788e-01 2.212459e-02 42859
7.123308e+00 1.717910e-01 1.318946e-01 2.933892e-02 183191
1.157102e+01 4.786127e-02 4.062625e-02 1.439094e-02 785372
1.879699e+01 1.119468e-02 8.694170e-03 9.346521e-03 3367057
