2.237232e-01 4.316389e+04 4.306974e+02 1.795181e+04 9
3.910868e-01 3.796516e+04 1.333124e+03 -1.767177e+03 31
6.391640e-01 2.797987e+04 2.271251e+03 4.157252e+03 130
1.015494e+00 1.483609e+04 1.855742e+03 -2.987597e+03 512
1.654523e+00 5.594594e+03 -1.783592e+03 2.076605e+02 2333
2.693069e+00 1.517461e+03 -9.291089e+02 4.989841e+02 9895
4.382822e+00 3.549688e+02 -1.669459e+02 1.996605e+02 42859
7.123308e+00 1.063190e+02 -1.295920e+01 -2.489882e+01 183191
1.157102e+01 2.379978e+01 -3.912449e+00 -6.079324e+00 785372
1.879699e+01 6.033644e+00 1.855180e+00 2.461695e+00 3367057
