2.237232e-01 8.188644e+02 -2.176835e+02 1.227986e+03 9
3.910868e-01 7.120114e+01 1.400927e+01 -6.137048e+01 31
6.391640e-01 2.155530e+01 1.683334e+00 -1.032487e+00 130
1.015494e+00 6.106254e+00 1.244086e+00 -1.774008e+00 512
1.654523e+00 1.856151e+00 6.776148e-01 -4.862526e-04 2333
2.693069e+00 5.740403e-01 2.577993e-01 3.213222e-02 9895
4.382822e+00 1.862329e-01 1.189000e-01 2.268611e-02 42859
7.123308e+00 5.829164e-02 4.691520e-02 1.252484e-02 183191
1.157102e+01 1.621454e-02 1.406931e-02 5.137890e-03 785372
1.879699e+01 3.720734e-03 3.220760e-03 3.158708e-03 3367057
