2.237232e-01 1.139423e+04 6.518610e+03 1.092674e+04 9
3.910868e-01 1.679161e+03 -2.615438e+02 2.654697e+03 31
6.391640e-01 2.357549e+02 -1.051758e+02 3.441820e+01 130
1.015494e+00 7.220971e+01 -3.304815e+01 -3.236659e+01 512
1.654523e+00 1.761122e+01 1.401027e+00 1.984457e-01 2333
2.693069e+00 4.897476e+00 1.267086e+00 -3.693231e-01 9895
4.382822e+00 1.435468e+00 6.409584e-01 -6.112249e-02 42859
7.123308e+00 4.495521e-01 3.068172e-01 3.624613e-02 183191
1.157102e+01 1.230905e-01 9.603572e-02 2.547272e-02 785372
1.879699e+01 2.963236e-02 2.136848e-02 2.338375e-02 3367057
