2.237232e-01 1.066391e+02 -5.308887e+01 8.981892e+01 9
3.910868e-01 3.659829e+01 -1.083248e+01 -2.612350e+01 31
6.391640e-01 7.381083e+00 -5.457328e-01 1.543209e+00 130
1.015494e+00 3.085617e+00 4.276107e-01 -5.151069e-01 512
1.654523e+00 1.126857e+00 4.921663e-01 1.573645e-01 2333
2.693069e+00 3.652168e-01 2.121000e-01 3.274651e-02 9895
4.382822e+00 1.215403e-01 9.161633e-02 1.977303e-02 42859
7.123308e+00 3.843617e-02 3.485686e-02 9.141437e-03 183191
1.157102e+01 1.056217e-02 1.036678e-02 3.620226e-03 785372
1.879699e+01 2.299968e-03 2.243559e-03 1.864413e-03 3367057
