2.237232e-01 3.114401e+01 3.228269e+01 3.869568e+01 9
3.910868e-01 8.900117e+00 9.759601e+00 9.750976e+00 31
6.391640e-01 3.424681e+00 4.340102e+00 2.974886e+00 130
1.015494e+00 1.365016e+00 1.342148e+00 3.927498e-01 512
1.654523e+00 4.378463e-01 5.120994e-01 1.647389e-01 2333
2.693069e+00 1.481710e-01 1.785303e-01 4.703327e-02 9895
4.382822e+00 4.890811e-02 6.319662e-02 1.860345e-02 42859
7.123308e+00 1.560355e-02 2.229274e-02 8.763283e-03 183191
1.157102e+01 4.202450e-03 6.486321e-03 3.367289e-03 785372
1.879699e+01 8.530805e-04 1.457308e-03 1.105671e-03 3367057
