2.237232e-01 3.206124e+01 3.328392e+01 3.982610e+01 9
3.910868e-01 9.152627e+00 1.017123e+01 1.032910e+01 31
6.391640e-01 3.522300e+00 4.441656e+00 2.960132e+00 130
1.015494e+00 1.409001e+00 1.375049e+00 3.777660e-01 512
1.654523e+00 4.535312e-01 5.344849e-01 1.687046e-01 2333
2.693069e+00 1.548953e-01 1.865660e-01 4.946403e-02 9895
4.382822e+00 5.163315e-02 6.649505e-02 1.945232e-02 42859
7.123308e+00 1.654592e-02 2.347909e-02 9.098761e-03 183191
1.157102e+01 4.467715e-03 6.847681e-03 3.511885e-03 785372
1.879699e+01 9.028572e-04 1.518136e-03 1.134122e-03 3367057
