2.237232e-01 3.318889e+01 3.450754e+01 4.136796e+01 9
3.910868e-01 9.488612e+00 1.083082e+01 1.115853e+01 31
6.391640e-01 3.630958e+00 4.539853e+00 2.931034e+00 130
1.015494e+00 1.461073e+00 1.424765e+00 3.749358e-01 512
1.654523e+00 4.722850e-01 5.558266e-01 1.657095e-01 2333
2.693069e+00 1.637792e-01 1.952782e-01 5.006714e-02 9895
4.382822e+00 5.534857e-02 7.039941e-02 2.002445e-02 42859
7.123308e+00 1.779967e-02 2.495983e-02 9.431819e-03 183191
1.157102e+01 4.827178e-03 7.315359e-03 3.674889e-03 785372
1.879699e+01 9.696083e-04 1.591026e-03 1.166042e-03 3367057
