2.237232e-01 1.245238e+01 1.214237e+01 9.320992e+00 9
3.910868e-01 9.198802e+00 7.451658e+00 7.739745e+00 31
6.391640e-01 3.921835e+00 2.092934e+00 -4.780074e-02 130
1.015494e+00 1.792811e+00 1.255199e+00 -3.007640e-01 512
1.654523e+00 7.306587e-01 5.088108e-01 1.088021e-01 2333
2.693069e+00 2.648487e-01 2.179775e-01 4.185145e-02 9895
4.382822e+00 9.099515e-02 8.329942e-02 1.864121e-02 42859
7.123308e+00 2.926422e-02 3.186322e-02 9.449409e-03 183191
1.157102e+01 8.027851e-03 9.333330e-03 3.494470e-03 785372
1.879699e+01 1.660650e-03 1.920811e-03 1.375246e-03 3367057
