2.237232e-01 1.412285e+01 3.773197e+00 6.632225e+00 9
3.910868e-01 1.189325e+01 4.230165e+00 4.017318e+00 31
6.391640e-01 4.415024e+00 1.905826e+00 2.389362e-01 130
1.015494e+00 1.860689e+00 1.137826e+00 -2.246408e-01 512
1.654523e+00 7.899351e-01 4.863801e-01 1.014537e-01 2333
2.693069e+00 2.801712e-01 2.176945e-01 3.564503e-02 9895
4.382822e+00 9.533284e-02 8.361776e-02 1.788746e-02 42859
7.123308e+00 3.059694e-02 3.205359e-02 9.262328e-03 183191
1.157102e+01 8.402472e-03 9.440776e-03 3.485080e-03 785372
1.879699e+01 1.756048e-03 1.954916e-03 1.431535e-03 3367057
