2.237232e-01 3.129339e+01 3.570755e+01 4.017857e+01 9
3.910868e-01 9.269840e+00 1.284504e+01 1.435530e+01 31
6.391640e-01 3.635777e+00 4.420280e+00 2.233892e+00 130
1.015494e+00 1.509924e+00 1.461534e+00 9.268861e-02 512
1.654523e+00 5.182020e-01 5.763247e-01 1.094832e-01 2333
2.693069e+00 1.900425e-01 2.100144e-01 5.083498e-02 9895
4.382822e+00 6.684389e-02 7.867217e-02 2.050030e-02 42859
7.123308e+00 2.157158e-02 2.832789e-02 9.793125e-03 183191
1.157102e+01 5.908722e-03 8.329437e-03 3.765591e-03 785372
1.879699e+01 1.184104e-03 1.757934e-03 1.233380e-03 3367057
