2.237232e-01 2.268152e+01 3.084797e+01 2.916801e+01 9
3.910868e-01 7.749614e+00 1.287208e+01 1.488705e+01 31
6.391640e-01 3.417780e+00 3.675004e+00 8.673272e-01 130
1.015494e+00 1.523320e+00 1.367512e+00 -3.046641e-01 512
1.654523e+00 5.921336e-01 5.788121e-01 8.311949e-02 2333
2.693069e+00 2.178747e-01 2.118859e-01 4.669626e-02 9895
4.382822e+00 7.684767e-02 8.203120e-02 2.129634e-02 42859
7.123308e+00 2.489200e-02 3.042789e-02 9.840667e-03 183191
1.157102e+01 6.823896e-03 8.868173e-03 3.697047e-03 785372
1.879699e+01 1.380519e-03 1.847031e-03 1.276747e-03 3367057
