2.237232e-01 3.261041e+01 3.381582e+01 4.043515e+01 9
3.910868e-01 9.308017e+00 1.042359e+01 1.069094e+01 31
6.391640e-01 3.567748e+00 4.469085e+00 2.931695e+00 130
1.015494e+00 1.431094e+00 1.392609e+00 3.736019e-01 512
1.654523e+00 4.614748e-01 5.448397e-01 1.691057e-01 2333
2.693069e+00 1.586406e-01 1.904861e-01 4.994176e-02 9895
4.382822e+00 5.308010e-02 6.820789e-02 1.958183e-02 42859
7.123308e+00 1.704018e-02 2.412273e-02 9.319082e-03 183191
1.157102e+01 4.611490e-03 7.041920e-03 3.583659e-03 785372
1.879699e+01 9.293680e-04 1.549150e-03 1.148245e-03 3367057
