2.237232e-01 1.973356e+01 2.852742e+01 2.498634e+01 9
3.910868e-01 7.490616e+00 1.211973e+01 1.384746e+01 31
6.391640e-01 3.386057e+00 3.371061e+00 7.379823e-01 130
1.015494e+00 1.565893e+00 1.335758e+00 -3.610167e-01 512
1.654523e+00 6.185663e-01 5.616666e-01 8.865486e-02 2333
2.693069e+00 2.287480e-01 2.151451e-01 4.475552e-02 9895
4.382822e+00 7.976713e-02 8.208506e-02 2.028325e-02 42859
7.123308e+00 2.583772e-02 3.082780e-02 9.864102e-03 183191
1.157102e+01 7.082891e-03 8.988852e-03 3.664701e-03 785372
1.879699e+01 1.439369e-03 1.863656e-03 1.292425e-03 3367057
