2.237232e-01 6.293258e+02 -1.288045e+02 8.766621e+02 9
3.910868e-01 6.699602e+01 2.265834e+01 -3.565388e+01 31
6.391640e-01 1.764876e+01 2.970165e+00 -8.660933e-01 130
1.015494e+00 5.397960e+00 9.662293e-01 -1.562958e+00 512
1.654523e+00 1.660494e+00 6.220602e-01 2.825024e-02 2333
2.693069e+00 5.226534e-01 2.326759e-01 2.433479e-02 9895
4.382822e+00 1.712499e-01 1.115142e-01 2.395309e-02 42859
7.123308e+00 5.353933e-02 4.324032e-02 1.151877e-02 183191
1.157102e+01 1.487401e-02 1.301644e-02 4.739957e-03 785372
1.879699e+01 3.393438e-03 2.962207e-03 2.849869e-03 3367057
