2.237232e-01 3.330045e+01 3.507408e+01 4.159609e+01 9
3.910868e-01 9.587616e+00 1.113047e+01 1.179587e+01 31
6.391640e-01 3.654029e+00 4.577746e+00 2.881903e+00 130
1.015494e+00 1.483120e+00 1.440671e+00 3.300773e-01 512
1.654523e+00 4.823038e-01 5.640557e-01 1.597229e-01 2333
2.693069e+00 1.688112e-01 1.992870e-01 5.170269e-02 9895
4.382822e+00 5.760912e-02 7.235385e-02 1.998972e-02 42859
7.123308e+00 1.854812e-02 2.582707e-02 9.674605e-03 183191
1.157102e+01 5.036212e-03 7.550677e-03 3.719937e-03 785372
1.879699e+01 1.010303e-03 1.630702e-03 1.183700e-03 3367057
