2.237232e-01 3.037468e+01 3.584726e+01 3.920181e+01 9
3.910868e-01 9.099961e+00 1.309162e+01 1.487629e+01 31
6.391640e-01 3.601461e+00 4.346065e+00 2.016571e+00 130
1.015494e+00 1.509929e+00 1.453855e+00 7.241476e-03 512
1.654523e+00 5.269647e-01 5.769320e-01 9.882620e-02 2333
2.693069e+00 1.940825e-01 2.120194e-01 4.973133e-02 9895
4.382822e+00 6.855519e-02 7.993342e-02 2.092271e-02 42859
7.123308e+00 2.210249e-02 2.872380e-02 9.761312e-03 183191
1.157102e+01 6.063564e-03 8.445309e-03 3.762534e-03 785372
1.879699e+01 1.215635e-03 1.775772e-03 1.238645e-03 3367057
