2.237232e-01 2.972155e+01 3.076137e+01 3.686877e+01 9
3.910868e-01 8.486554e+00 9.186292e+00 9.073881e+00 31
6.391640e-01 3.268723e+00 4.152668e+00 2.901437e+00 130
1.015494e+00 1.296968e+00 1.274192e+00 3.791275e-01 512
1.654523e+00 4.158301e-01 4.820525e-01 1.528099e-01 2333
2.693069e+00 1.395615e-01 1.676721e-01 4.270516e-02 9895
4.382822e+00 4.567860e-02 5.903875e-02 1.748978e-02 42859
7.123308e+00 1.445900e-02 2.070956e-02 8.218426e-03 183191
1.157102e+01 3.887198e-03 6.034434e-03 3.153092e-03 785372
1.879699e+01 7.924759e-04 1.377482e-03 1.062241e-03 3367057
