2.237232e-01 2.809163e+01 3.433910e+01 3.632420e+01 9
3.910868e-01 8.592717e+00 1.331945e+01 1.525124e+01 31
6.391640e-01 3.493340e+00 4.137987e+00 1.619507e+00 130
1.015494e+00 1.507271e+00 1.412592e+00 -1.308678e-01 512
1.654523e+00 5.464143e-01 5.730652e-01 8.601728e-02 2333
2.693069e+00 2.021685e-01 2.103141e-01 4.997475e-02 9895
4.382822e+00 7.192704e-02 8.120731e-02 2.114945e-02 42859
7.123308e+00 2.315414e-02 2.940743e-02 9.775325e-03 183191
1.157102e+01 6.358941e-03 8.615454e-03 3.744447e-03 785372
1.879699e+01 1.278705e-03 1.804341e-03 1.251182e-03 3367057
