2.237232e-01 3.139211e+01 3.257310e+01 3.903785e+01 9
3.910868e-01 8.964817e+00 9.894559e+00 1.000137e+01 31
6.391640e-01 3.446780e+00 4.366463e+00 2.979322e+00 130
1.015494e+00 1.375563e+00 1.347165e+00 3.923897e-01 512
1.654523e+00 4.413450e-01 5.188629e-01 1.672237e-01 2333
2.693069e+00 1.496130e-01 1.805639e-01 4.782532e-02 9895
4.382822e+00 4.954256e-02 6.405109e-02 1.883976e-02 42859
7.123308e+00 1.582929e-02 2.256257e-02 8.859476e-03 183191
1.157102e+01 4.264646e-03 6.573037e-03 3.410867e-03 785372
1.879699e+01 8.648265e-04 1.471602e-03 1.112784e-03 3367057
