2.237232e-01 4.893613e+02 -1.038597e+02 6.373361e+02 9
3.910868e-01 6.446229e+01 2.267766e+01 -2.308030e+01 31
6.391640e-01 1.493095e+01 2.398189e+00 -3.831673e-01 130
1.015494e+00 4.796594e+00 7.314661e-01 -1.383184e+00 512
1.654523e+00 1.519532e+00 6.135281e-01 9.261067e-02 2333
2.693069e+00 4.870728e-01 2.273730e-01 2.258914e-02 9895
4.382822e+00 1.598657e-01 1.058924e-01 2.343383e-02 42859
7.123308e+00 4.999575e-02 4.103969e-02 1.086005e-02 183191
1.157102e+01 1.386350e-02 1.235379e-02 4.421958e-03 785372
1.879699e+01 3.145302e-03 2.799061e-03 2.631508e-03 3367057
