2.237232e-01 2.599115e+01 -1.159296e+01 1.160330e+01 9
3.910868e-01 1.817735e+01 -1.365952e+00 -6.433882e+00 31
6.391640e-01 5.119120e+00 1.732141e+00 6.182241e-01 130
1.015494e+00 2.131556e+00 7.475912e-01 -7.438221e-02 512
1.654523e+00 8.823855e-01 4.806639e-01 1.349065e-01 2333
2.693069e+00 3.018082e-01 2.104789e-01 3.829715e-02 9895
4.382822e+00 1.026624e-01 8.753575e-02 1.812189e-02 42859
7.123308e+00 3.268388e-02 3.249647e-02 8.951008e-03 183191
1.157102e+01 8.980700e-03 9.647142e-03 3.517621e-03 785372
1.879699e+01 1.904904e-03 2.025427e-03 1.547502e-03 3367057
