2.237232e-01 3.197583e+01 3.572013e+01 4.124145e+01 9
3.910868e-01 9.453079e+00 1.257029e+01 1.384187e+01 31
6.391640e-01 3.665377e+00 4.502190e+00 2.406852e+00 130
1.015494e+00 1.516593e+00 1.471549e+00 1.443318e-01 512
1.654523e+00 5.117203e-01 5.739937e-01 1.141752e-01 2333
2.693069e+00 1.862975e-01 2.074977e-01 4.949028e-02 9895
4.382822e+00 6.538323e-02 7.786656e-02 2.028924e-02 42859
7.123308e+00 2.109871e-02 2.803960e-02 9.816387e-03 183191
1.157102e+01 5.771086e-03 8.241647e-03 3.778310e-03 785372
1.879699e+01 1.155198e-03 1.743923e-03 1.230675e-03 3367057
