2.237232e-01 3.357563e+01 3.576985e+01 4.205733e+01 9
3.910868e-01 9.659666e+00 1.149145e+01 1.218397e+01 31
6.391640e-01 3.695596e+00 4.633450e+00 2.870197e+00 130
1.015494e+00 1.497318e+00 1.466482e+00 3.249892e-01 512
1.654523e+00 4.901788e-01 5.743541e-01 1.609112e-01 2333
2.693069e+00 1.727717e-01 2.035337e-01 5.318282e-02 9895
4.382822e+00 5.930128e-02 7.388467e-02 2.026724e-02 42859
7.123308e+00 1.908922e-02 2.650524e-02 9.919334e-03 183191
1.157102e+01 5.191080e-03 7.739103e-03 3.775329e-03 785372
1.879699e+01 1.039526e-03 1.660654e-03 1.196102e-03 3367057
