2.237232e-01 2.963026e+01 3.561702e+01 3.840229e+01 9
3.910868e-01 8.931976e+00 1.328258e+01 1.526579e+01 31
6.391640e-01 3.549734e+00 4.255396e+00 1.842719e+00 130
1.015494e+00 1.514708e+00 1.445512e+00 -6.523462e-02 512
1.654523e+00 5.363180e-01 5.753062e-01 8.355762e-02 2333
2.693069e+00 1.982593e-01 2.114218e-01 4.859564e-02 9895
4.382822e+00 7.043703e-02 8.053130e-02 2.105123e-02 42859
7.123308e+00 2.267315e-02 2.912923e-02 9.878500e-03 183191
1.157102e+01 6.222593e-03 8.550582e-03 3.776387e-03 785372
1.879699e+01 1.248458e-03 1.791500e-03 1.244557e-03 3367057
