2.237232e-01 1.390742e+01 1.938656e+01 1.409867e+01 9
3.910868e-01 7.924629e+00 9.603258e+00 1.117861e+01 31
6.391640e-01 3.518218e+00 2.387671e+00 9.832894e-02 130
1.015494e+00 1.714634e+00 1.300574e+00 -3.033497e-01 512
1.654523e+00 6.776824e-01 5.469554e-01 1.211923e-01 2333
2.693069e+00 2.516062e-01 2.210021e-01 4.482532e-02 9895
4.382822e+00 8.665041e-02 8.383366e-02 1.997936e-02 42859
7.123308e+00 2.793918e-02 3.150426e-02 9.625542e-03 183191
1.157102e+01 7.666872e-03 9.220508e-03 3.562957e-03 785372
1.879699e+01 1.573591e-03 1.899426e-03 1.341211e-03 3367057
