2.237232e-01 2.071946e+04 1.049480e+04 1.243036e+04 9
3.910868e-01 8.922197e+03 2.684514e+03 6.289457e+03 31
6.391640e-01 3.944226e+03 1.420590e+03 3.482322e+02 130
1.015494e+00 9.084362e+02 2.726180e+02 -2.237777e+02 512
1.654523e+00 2.779629e+02 7.990447e+01 5.028846e+01 2333
2.693069e+00 5.181255e+01 1.797152e+01 -2.704638e-03 9895
4.382822e+00 1.520381e+01 5.147512e+00 -2.184809e+00 42859
7.123308e+00 4.365781e+00 2.457064e+00 -3.973316e-01 183191
1.157102e+01 1.148882e+00 8.668605e-01 9.379704e-02 785372
1.879699e+01 2.754613e-01 2.038161e-01 1.929628e-01 3367057
