2.237232e-01 1.238333e+01 8.518619e+00 7.427048e+00 9
3.910868e-01 9.934234e+00 6.298894e+00 6.609386e+00 31
6.391640e-01 4.058752e+00 1.997529e+00 2.929259e-03 130
1.015494e+00 1.800815e+00 1.210173e+00 -2.541708e-01 512
1.654523e+00 7.473190e-01 5.002216e-01 1.017483e-01 2333
2.693069e+00 2.698160e-01 2.156663e-01 3.974051e-02 9895
4.382822e+00 9.240503e-02 8.355403e-02 1.860748e-02 42859
7.123308e+00 2.966191e-02 3.177870e-02 9.361826e-03 183191
1.157102e+01 8.146750e-03 9.363968e-03 3.476192e-03 785372
1.879699e+01 1.691330e-03 1.930293e-03 1.393767e-03 3367057
