2.237232e-01 3.083133e+01 3.203794e+01 3.834077e+01 9
3.910868e-01 8.813949e+00 9.653441e+00 9.612784e+00 31
6.391640e-01 3.385958e+00 4.297495e+00 2.955223e+00 130
1.015494e+00 1.349549e+00 1.326799e+00 3.835952e-01 512
1.654523e+00 4.329569e-01 5.052952e-01 1.617799e-01 2333
2.693069e+00 1.463122e-01 1.762546e-01 4.601671e-02 9895
4.382822e+00 4.820857e-02 6.232813e-02 1.839614e-02 42859
7.123308e+00 1.536140e-02 2.197143e-02 8.644400e-03 183191
1.157102e+01 4.134410e-03 6.393116e-03 3.327349e-03 785372
1.879699e+01 8.404777e-04 1.441609e-03 1.097921e-03 3367057
