2.237232e-01 1.527485e+01 2.310352e+01 1.781194e+01 9
3.910868e-01 7.629348e+00 1.049371e+01 1.236868e+01 31
6.391640e-01 3.445264e+00 2.772231e+00 2.694574e-01 130
1.015494e+00 1.661958e+00 1.329201e+00 -3.169486e-01 512
1.654523e+00 6.571681e-01 5.616736e-01 1.328180e-01 2333
2.693069e+00 2.442751e-01 2.186141e-01 4.526618e-02 9895
4.382822e+00 8.418723e-02 8.312853e-02 2.014753e-02 42859
7.123308e+00 2.718409e-02 3.136861e-02 9.933176e-03 183191
1.157102e+01 7.455638e-03 9.147400e-03 3.604880e-03 785372
1.879699e+01 1.525159e-03 1.887509e-03 1.322777e-03 3367057
