2.237232e-01 3.370164e+01 3.612201e+01 4.255995e+01 9
3.910868e-01 9.711029e+00 1.170475e+01 1.253935e+01 31
6.391640e-01 3.701932e+00 4.626671e+00 2.848958e+00 130
1.015494e+00 1.503725e+00 1.472239e+00 3.178202e-01 512
1.654523e+00 4.934033e-01 5.765296e-01 1.591375e-01 2333
2.693069e+00 1.748581e-01 2.041739e-01 5.357009e-02 9895
4.382822e+00 6.013677e-02 7.445926e-02 2.035469e-02 42859
7.123308e+00 1.936161e-02 2.674949e-02 9.962078e-03 183191
1.157102e+01 5.267604e-03 7.817795e-03 3.791180e-03 785372
1.879699e+01 1.054481e-03 1.672700e-03 1.201034e-03 3367057
