2.237232e-01 3.353600e+01 3.605461e+01 4.220740e+01 9
3.910868e-01 9.704419e+00 1.195581e+01 1.284557e+01 31
6.391640e-01 3.715574e+00 4.632869e+00 2.760452e+00 130
1.015494e+00 1.515928e+00 1.480057e+00 2.891698e-01 512
1.654523e+00 4.996605e-01 5.776177e-01 1.497618e-01 2333
2.693069e+00 1.788121e-01 2.075504e-01 5.344624e-02 9895
4.382822e+00 6.172608e-02 7.585221e-02 2.062077e-02 42859
7.123308e+00 1.988211e-02 2.730483e-02 1.007749e-02 183191
1.157102e+01 5.415415e-03 7.969221e-03 3.818169e-03 785372
1.879699e+01 1.083643e-03 1.696099e-03 1.212567e-03 3367057
