2.237232e-01 3.345564e+01 3.544506e+01 4.183191e+01 9
3.910868e-01 9.588144e+00 1.132720e+01 1.207490e+01 31
6.391640e-01 3.660617e+00 4.592938e+00 2.876721e+00 130
1.015494e+00 1.489558e+00 1.450291e+00 3.246676e-01 512
1.654523e+00 4.855197e-01 5.677295e-01 1.596058e-01 2333
2.693069e+00 1.708003e-01 2.011637e-01 5.242158e-02 9895
4.382822e+00 5.841293e-02 7.296275e-02 1.992195e-02 42859
7.123308e+00 1.879908e-02 2.612892e-02 9.739270e-03 183191
1.157102e+01 5.109129e-03 7.637626e-03 3.745459e-03 785372
1.879699e+01 1.024191e-03 1.644452e-03 1.188950e-03 3367057
