2.237232e-01 1.884926e+01 2.763926e+01 2.359868e+01 9
3.910868e-01 7.449367e+00 1.160699e+01 1.334859e+01 31
6.391640e-01 3.368585e+00 3.199837e+00 5.816681e-01 130
1.015494e+00 1.576333e+00 1.310980e+00 -3.684683e-01 512
1.654523e+00 6.276887e-01 5.628960e-01 1.042124e-01 2333
2.693069e+00 2.324232e-01 2.155398e-01 4.445889e-02 9895
4.382822e+00 8.083916e-02 8.210195e-02 2.012667e-02 42859
7.123308e+00 2.613849e-02 3.087546e-02 9.747630e-03 183191
1.157102e+01 7.173198e-03 9.019829e-03 3.631587e-03 785372
1.879699e+01 1.460030e-03 1.868157e-03 1.297758e-03 3367057
