2.237232e-01 5.156855e+01 -2.756716e+01 3.256177e+01 9
3.910868e-01 2.571309e+01 -6.344951e+00 -1.663597e+01 31
6.391640e-01 5.972696e+00 1.286707e+00 1.142285e+00 130
1.015494e+00 2.592629e+00 4.696354e-01 -2.289909e-01 512
1.654523e+00 9.736019e-01 4.924562e-01 1.354627e-01 2333
2.693069e+00 3.282338e-01 2.110039e-01 3.765924e-02 9895
4.382822e+00 1.106970e-01 9.018831e-02 1.904751e-02 42859
7.123308e+00 3.508397e-02 3.340371e-02 9.026997e-03 183191
1.157102e+01 9.631852e-03 9.926447e-03 3.577507e-03 785372
1.879699e+01 2.067186e-03 2.111477e-03 1.679258e-03 3367057
