2.237232e-01 2.632868e+01 3.321163e+01 3.433129e+01 9
3.910868e-01 8.290606e+00 1.319616e+01 1.511892e+01 31
6.391640e-01 3.431875e+00 3.974807e+00 1.360213e+00 130
1.015494e+00 1.500993e+00 1.391611e+00 -1.914637e-01 512
1.654523e+00 5.619635e-01 5.718022e-01 7.451387e-02 2333
2.693069e+00 2.062280e-01 2.088143e-01 4.728058e-02 9895
4.382822e+00 7.360850e-02 8.114496e-02 2.075175e-02 42859
7.123308e+00 2.369350e-02 2.972325e-02 9.713720e-03 183191
1.157102e+01 6.501152e-03 8.692788e-03 3.731232e-03 785372
1.879699e+01 1.310969e-03 1.818975e-03 1.260349e-03 3367057
