2.237232e-01 2.940694e+01 3.038287e+01 3.647772e+01 9
3.910868e-01 8.402019e+00 9.088028e+00 8.939494e+00 31
6.391640e-01 3.240832e+00 4.122449e+00 2.891600e+00 130
1.015494e+00 1.283564e+00 1.262434e+00 3.776108e-01 512
1.654523e+00 4.110899e-01 4.758896e-01 1.517000e-01 2333
2.693069e+00 1.378353e-01 1.652829e-01 4.206735e-02 9895
4.382822e+00 4.501787e-02 5.816328e-02 1.715001e-02 42859
7.123308e+00 1.423625e-02 2.039517e-02 8.069638e-03 183191
1.157102e+01 3.825161e-03 5.944035e-03 3.111868e-03 785372
1.879699e+01 7.802747e-04 1.360626e-03 1.052733e-03 3367057
