2.237232e-01 1.092888e+03 -4.864950e+02 1.784567e+03 9
3.910868e-01 7.765537e+01 4.429875e-01 -7.732009e+01 31
6.391640e-01 2.671798e+01 -2.777219e+00 1.052072e-01 130
1.015494e+00 7.097978e+00 9.581058e-01 -2.165605e+00 512
1.654523e+00 2.134303e+00 7.041422e-01 -8.233403e-02 2333
2.693069e+00 6.467158e-01 3.014968e-01 3.420963e-02 9895
4.382822e+00 2.079901e-01 1.329068e-01 2.718534e-02 42859
7.123308e+00 6.506696e-02 5.206132e-02 1.371586e-02 183191
1.157102e+01 1.809634e-02 1.567721e-02 5.810694e-03 785372
1.879699e+01 4.180581e-03 3.592248e-03 3.581735e-03 3367057
