2.237232e-01 3.314899e+01 3.549650e+01 4.181944e+01 9
3.910868e-01 9.588416e+00 1.219346e+01 1.297206e+01 31
6.391640e-01 3.706783e+00 4.611140e+00 2.629247e+00 130
1.015494e+00 1.521378e+00 1.496152e+00 2.539227e-01 512
1.654523e+00 5.044775e-01 5.760077e-01 1.350733e-01 2333
2.693069e+00 1.815951e-01 2.081361e-01 5.271113e-02 9895
4.382822e+00 6.319841e-02 7.688967e-02 2.087225e-02 42859
7.123308e+00 2.037906e-02 2.766719e-02 9.990238e-03 183191
1.157102e+01 5.557107e-03 8.100878e-03 3.815641e-03 785372
1.879699e+01 1.111698e-03 1.718812e-03 1.222730e-03 3367057
