2.237232e-01 2.709194e+01 3.374067e+01 3.518992e+01 9
3.910868e-01 8.430350e+00 1.315404e+01 1.507858e+01 31
6.391640e-01 3.455114e+00 4.054477e+00 1.443738e+00 130
1.015494e+00 1.500919e+00 1.403882e+00 -1.685602e-01 512
1.654523e+00 5.549453e-01 5.710690e-01 7.781076e-02 2333
2.693069e+00 2.041895e-01 2.088005e-01 4.724157e-02 9895
4.382822e+00 7.281410e-02 8.106115e-02 2.080075e-02 42859
7.123308e+00 2.342966e-02 2.953174e-02 9.657412e-03 183191
1.157102e+01 6.431394e-03 8.648460e-03 3.734985e-03 785372
1.879699e+01 1.295276e-03 1.811396e-03 1.255508e-03 3367057
