2.237232e-01 3.260378e+03 -2.820236e+03 5.542636e+03 9
3.910868e-01 1.818045e+02 -1.884058e+02 4.660934e+01 31
6.391640e-01 6.819206e+01 -2.821664e+01 -1.791138e+00 130
1.015494e+00 1.503622e+01 2.447762e-01 -4.707812e+00 512
1.654523e+00 4.490316e+00 6.352869e-01 1.436827e-01 2333
2.693069e+00 1.283941e+00 4.501391e-01 -5.946743e-02 9895
4.382822e+00 3.980460e-01 2.282850e-01 2.714218e-02 42859
7.123308e+00 1.238055e-01 9.688601e-02 2.489840e-02 183191
1.157102e+01 3.438478e-02 2.957764e-02 1.014605e-02 785372
1.879699e+01 8.022197e-03 6.391300e-03 6.738147e-03 3367057
