2.237232e-01 2.267958e+02 -8.017193e+01 2.426456e+02 9
3.910868e-01 4.965517e+01 -3.088691e+00 -2.713247e+01 31
6.391640e-01 1.016847e+01 -1.296816e+00 -2.099286e-01 130
1.015494e+00 3.681122e+00 5.700791e-01 -1.086752e+00 512
1.654523e+00 1.263482e+00 5.085645e-01 1.311868e-01 2333
2.693069e+00 4.171196e-01 2.162867e-01 3.230755e-02 9895
4.382822e+00 1.361161e-01 9.557744e-02 2.122654e-02 42859
7.123308e+00 4.289075e-02 3.694503e-02 9.403699e-03 183191
1.157102e+01 1.185520e-02 1.109953e-02 3.907210e-03 785372
1.879699e+01 2.625347e-03 2.443121e-03 2.146582e-03 3367057
