2.237232e-01 3.292299e+01 3.583327e+01 4.202526e+01 9
3.910868e-01 9.568444e+00 1.237851e+01 1.322866e+01 31
6.391640e-01 3.689592e+00 4.580808e+00 2.573817e+00 130
1.015494e+00 1.518396e+00 1.494148e+00 2.360488e-01 512
1.654523e+00 5.071759e-01 5.776845e-01 1.324615e-01 2333
2.693069e+00 1.827953e-01 2.070495e-01 5.224498e-02 9895
4.382822e+00 6.393668e-02 7.696334e-02 2.061746e-02 42859
7.123308e+00 2.061291e-02 2.776349e-02 9.980326e-03 183191
1.157102e+01 5.627120e-03 8.147169e-03 3.802929e-03 785372
1.879699e+01 1.126217e-03 1.728315e-03 1.226467e-03 3367057
