2.237232e-01 3.325663e+01 3.495072e+01 4.153373e+01 9
3.910868e-01 9.559860e+00 1.104267e+01 1.155927e+01 31
6.391640e-01 3.650012e+00 4.583494e+00 2.916953e+00 130
1.015494e+00 1.475885e+00 1.437833e+00 3.455501e-01 512
1.654523e+00 4.790864e-01 5.627750e-01 1.654985e-01 2333
2.693069e+00 1.669282e-01 1.980873e-01 5.174973e-02 9895
4.382822e+00 5.688683e-02 7.188269e-02 2.003733e-02 42859
7.123308e+00 1.830763e-02 2.559737e-02 9.639054e-03 183191
1.157102e+01 4.966836e-03 7.478666e-03 3.710913e-03 785372
1.879699e+01 9.964493e-04 1.617487e-03 1.177534e-03 3367057
