2.237232e-01 1.504348e+04 9.620616e+03 1.139709e+04 9
3.910868e-01 3.865697e+03 2.777871e+01 4.261183e+03 31
6.391640e-01 7.849666e+02 -2.934453e+02 2.202109e+02 130
1.015494e+00 1.386181e+02 -4.345265e+01 -8.931228e+01 512
1.654523e+00 3.877292e+01 -5.777625e-02 4.388524e+00 2333
2.693069e+00 1.019394e+01 3.545420e+00 -1.093675e+00 9895
4.382822e+00 2.976340e+00 1.232784e+00 -1.310158e-01 42859
7.123308e+00 8.972809e-01 5.722830e-01 6.587343e-02 183191
1.157102e+01 2.459886e-01 1.874035e-01 4.721416e-02 785372
1.879699e+01 5.901109e-02 4.156643e-02 4.456461e-02 3367057
