2.237232e-01 2.933670e+02 -8.183967e+01 3.368137e+02 9
3.910868e-01 5.473357e+01 4.685704e+00 -2.571658e+01 31
6.391640e-01 1.136959e+01 -5.170587e-01 -7.854496e-01 130
1.015494e+00 3.997092e+00 4.808294e-01 -1.247393e+00 512
1.654523e+00 1.317871e+00 5.278445e-01 8.867747e-02 2333
2.693069e+00 4.378130e-01 2.188571e-01 2.222965e-02 9895
4.382822e+00 1.428651e-01 9.652392e-02 2.123460e-02 42859
7.123308e+00 4.487181e-02 3.774390e-02 9.703410e-03 183191
1.157102e+01 1.241551e-02 1.139686e-02 4.021655e-03 785372
1.879699e+01 2.773384e-03 2.542210e-03 2.283199e-03 3367057
