2.237232e-01 3.182077e+01 3.304975e+01 3.959343e+01 9
3.910868e-01 9.081755e+00 1.006329e+01 1.027806e+01 31
6.391640e-01 3.491625e+00 4.403896e+00 2.951977e+00 130
1.015494e+00 1.397011e+00 1.364054e+00 3.836253e-01 512
1.654523e+00 4.491452e-01 5.299918e-01 1.691386e-01 2333
2.693069e+00 1.532660e-01 1.849218e-01 4.907648e-02 9895
4.382822e+00 5.090878e-02 6.566278e-02 1.929816e-02 42859
7.123308e+00 1.629706e-02 2.317702e-02 9.021944e-03 183191
1.157102e+01 4.398114e-03 6.753760e-03 3.475055e-03 785372
1.879699e+01 8.898074e-04 1.501949e-03 1.126147e-03 3367057
