2.237232e-01 3.169498e+01 3.557291e+01 4.091196e+01 9
3.910868e-01 9.398091e+00 1.277688e+01 1.416944e+01 31
6.391640e-01 3.653166e+00 4.462992e+00 2.347887e+00 130
1.015494e+00 1.517775e+00 1.476397e+00 1.227684e-01 512
1.654523e+00 5.144345e-01 5.750460e-01 1.098440e-01 2333
2.693069e+00 1.880978e-01 2.083766e-01 4.990586e-02 9895
4.382822e+00 6.617991e-02 7.838616e-02 2.033259e-02 42859
7.123308e+00 2.137276e-02 2.826530e-02 9.855376e-03 183191
1.157102e+01 5.842346e-03 8.294972e-03 3.779683e-03 785372
1.879699e+01 1.169745e-03 1.751111e-03 1.233198e-03 3367057
