2.237232e-01 3.248294e+01 3.580107e+01 4.181721e+01 9
3.910868e-01 9.513525e+00 1.241230e+01 1.354496e+01 31
6.391640e-01 3.674640e+00 4.549198e+00 2.499576e+00 130
1.015494e+00 1.520179e+00 1.479578e+00 1.930467e-01 512
1.654523e+00 5.095676e-01 5.767944e-01 1.225010e-01 2333
2.693069e+00 1.847679e-01 2.078246e-01 5.149359e-02 9895
4.382822e+00 6.476401e-02 7.750133e-02 2.040882e-02 42859
7.123308e+00 2.085578e-02 2.790739e-02 9.869086e-03 183191
1.157102e+01 5.700303e-03 8.192193e-03 3.786464e-03 785372
1.879699e+01 1.141026e-03 1.736102e-03 1.227854e-03 3367057
