2.237232e-01 1.294677e+01 1.657779e+01 1.252421e+01 9
3.910868e-01 8.283225e+00 8.799922e+00 9.995334e+00 31
6.391640e-01 3.673053e+00 2.309194e+00 1.198759e-01 130
1.015494e+00 1.747114e+00 1.289737e+00 -3.008073e-01 512
1.654523e+00 6.942638e-01 5.353563e-01 1.121352e-01 2333
2.693069e+00 2.558103e-01 2.205148e-01 4.250675e-02 9895
4.382822e+00 8.811802e-02 8.330687e-02 1.906758e-02 42859
7.123308e+00 2.837200e-02 3.153719e-02 9.445183e-03 183191
1.157102e+01 7.784092e-03 9.261532e-03 3.534762e-03 785372
1.879699e+01 1.601128e-03 1.906546e-03 1.352974e-03 3367057
