2.237232e-01 3.077632e+01 3.579375e+01 3.964051e+01 9
3.910868e-01 9.187095e+00 1.299883e+01 1.469686e+01 31
6.391640e-01 3.612351e+00 4.383135e+00 2.127005e+00 130
1.015494e+00 1.509205e+00 1.454879e+00 3.960156e-02 512
1.654523e+00 5.220295e-01 5.744574e-01 1.055283e-01 2333
2.693069e+00 1.917838e-01 2.103044e-01 4.965061e-02 9895
4.382822e+00 6.766429e-02 7.914107e-02 2.062383e-02 42859
7.123308e+00 2.182429e-02 2.847144e-02 9.699437e-03 183191
1.157102e+01 5.983850e-03 8.381503e-03 3.753065e-03 785372
1.879699e+01 1.199529e-03 1.766931e-03 1.235455e-03 3367057
