2.237232e-01 2.089093e+01 2.978962e+01 2.704390e+01 9
3.910868e-01 7.521533e+00 1.228320e+01 1.418429e+01 31
6.391640e-01 3.388384e+00 3.509581e+00 8.289651e-01 130
1.015494e+00 1.543549e+00 1.340267e+00 -3.340519e-01 512
1.654523e+00 6.071554e-01 5.663736e-01 8.458044e-02 2333
2.693069e+00 2.247127e-01 2.135533e-01 4.452550e-02 9895
4.382822e+00 7.872783e-02 8.176378e-02 2.044782e-02 42859
7.123308e+00 2.549460e-02 3.067525e-02 9.859933e-03 183191
1.157102e+01 6.989337e-03 8.944045e-03 3.672701e-03 785372
1.879699e+01 1.418759e-03 1.857712e-03 1.285536e-03 3367057
