2.237232e-01 3.753211e+02 -8.553401e+01 4.543683e+02 9
3.910868e-01 6.039628e+01 1.586832e+01 -2.191830e+01 31
6.391640e-01 1.291263e+01 8.374099e-01 -3.646099e-01 130
1.015494e+00 4.343918e+00 3.894274e-01 -1.233488e+00 512
1.654523e+00 1.413121e+00 5.591858e-01 1.075976e-01 2333
2.693069e+00 4.600249e-01 2.230858e-01 2.199367e-02 9895
4.382822e+00 1.503215e-01 1.006264e-01 2.293409e-02 42859
7.123308e+00 4.716635e-02 3.917083e-02 1.014141e-02 183191
1.157102e+01 1.308710e-02 1.182811e-02 4.201184e-03 785372
1.879699e+01 2.944387e-03 2.657091e-03 2.444139e-03 3367057
