2.237232e-01 2.447153e+01 3.223668e+01 3.194861e+01 9
3.910868e-01 8.006145e+00 1.306034e+01 1.539797e+01 31
6.391640e-01 3.422582e+00 3.819795e+00 1.128700e+00 130
1.015494e+00 1.508662e+00 1.392518e+00 -2.561370e-01 512
1.654523e+00 5.766649e-01 5.828948e-01 8.124970e-02 2333
2.693069e+00 2.112902e-01 2.103533e-01 4.846637e-02 9895
4.382822e+00 7.511771e-02 8.148349e-02 2.087404e-02 42859
7.123308e+00 2.424989e-02 3.003791e-02 9.706907e-03 183191
1.157102e+01 6.656639e-03 8.784044e-03 3.723210e-03 785372
1.879699e+01 1.344873e-03 1.835561e-03 1.268128e-03 3367057
