2.237232e-01 2.185722e+01 3.008512e+01 2.769233e+01 9
3.910868e-01 7.592624e+00 1.251396e+01 1.423285e+01 31
6.391640e-01 3.410677e+00 3.611356e+00 8.641975e-01 130
1.015494e+00 1.536267e+00 1.367524e+00 -3.292418e-01 512
1.654523e+00 6.000609e-01 5.777966e-01 8.692037e-02 2333
2.693069e+00 2.212432e-01 2.138600e-01 4.546858e-02 9895
4.382822e+00 7.774189e-02 8.192923e-02 2.101356e-02 42859
7.123308e+00 2.521215e-02 3.059168e-02 9.819633e-03 183191
1.157102e+01 6.905800e-03 8.903606e-03 3.677408e-03 785372
1.879699e+01 1.399321e-03 1.853249e-03 1.280999e-03 3367057
