2.237232e-01 3.283040e+01 3.408873e+01 4.078566e+01 9
3.910868e-01 9.384945e+00 1.054898e+01 1.080631e+01 31
6.391640e-01 3.586756e+00 4.505227e+00 2.929806e+00 130
1.015494e+00 1.440784e+00 1.400116e+00 3.725838e-01 512
1.654523e+00 4.653053e-01 5.483111e-01 1.679280e-01 2333
2.693069e+00 1.602267e-01 1.918171e-01 4.986676e-02 9895
4.382822e+00 5.382907e-02 6.895360e-02 1.967616e-02 42859
7.123308e+00 1.729431e-02 2.439023e-02 9.345404e-03 183191
1.157102e+01 4.682109e-03 7.135692e-03 3.618584e-03 785372
1.879699e+01 9.426762e-04 1.563849e-03 1.154689e-03 3367057
