2.237232e-01 3.060110e+01 3.171415e+01 3.794795e+01 9
3.910868e-01 8.728293e+00 9.508430e+00 9.428484e+00 31
6.391640e-01 3.361344e+00 4.259150e+00 2.932756e+00 130
1.015494e+00 1.338451e+00 1.317200e+00 3.825602e-01 512
1.654523e+00 4.294704e-01 4.993414e-01 1.586901e-01 2333
2.693069e+00 1.447509e-01 1.743243e-01 4.479401e-02 9895
4.382822e+00 4.759732e-02 6.152812e-02 1.823112e-02 42859
7.123308e+00 1.514102e-02 2.167353e-02 8.520943e-03 183191
1.157102e+01 4.072557e-03 6.306316e-03 3.276650e-03 785372
1.879699e+01 8.286636e-04 1.426143e-03 1.089143e-03 3367057
