2.237232e-01 3.159920e+01 3.278490e+01 3.925208e+01 9
3.910868e-01 9.021252e+00 9.977248e+00 1.015011e+01 31
6.391640e-01 3.468891e+00 4.375729e+00 2.967416e+00 130
1.015494e+00 1.386543e+00 1.352338e+00 3.861738e-01 512
1.654523e+00 4.457704e-01 5.244476e-01 1.663493e-01 2333
2.693069e+00 1.513838e-01 1.824657e-01 4.807449e-02 9895
4.382822e+00 5.018615e-02 6.476339e-02 1.902086e-02 42859
7.123308e+00 1.605702e-02 2.286241e-02 8.925229e-03 183191
1.157102e+01 4.330698e-03 6.663819e-03 3.445318e-03 785372
1.879699e+01 8.772163e-04 1.486740e-03 1.119357e-03 3367057
